0.16510039, -0.32859615,  0.44331573
0.16510039, -0.32859615,  0.44331573
0.13677364, -0.18452409,  0.18362739
0.3985876 ,  0.32859615, -0.18362739
0.33020078,  0.18452409, -0.07606095
0.3985876 ,  0.32859615, -0.18362739
-0.16510039, -0.32859615, -0.44331573
-0.13677364, -0.18452409, -0.18362739
-0.16510039, -0.32859615, -0.44331573
-0.33020078,  0.18452409,  0.07606095
-0.3985876 ,  0.32859615,  0.18362739
-0.3985876 ,  0.32859615,  0.18362739
-0.15565814 -0.28057213 -0.35675295
-0.37579199  0.28057213  0.14777191
0.37579199  0.28057213 -0.14777191
0.15565814 -0.28057213  0.35675295
{1,2,3},{4,5,6},{7,8,9},{10,11,12}